x
1 0.606530659712633
2 0.546074426639709
3 0.486752255959972
4 0.429557358210739
5 0.3753110988514
6 0.32465246735835
7 0.278037300453194
8 0.235746076555863
9 0.197898699083615
10 0.164474456577155
11 0.135335283236613
12 0.110250525304485
13 0.0889216174593863
14 0.071005353739637
15 0.0561347628341337
16 0.0439369336234074
17 0.0340474547345993
18 0.0261214098539182
19 0.0198410947443703
20 0.0149207860690678
21 0.0111089965382423
22 0.00818870101437407
23 0.00597602289500594
24 0.00431784000763307
25 0.00308871540823677
26 0.00218749111818289
27 0.00153381067932446
28 0.00106476623666792
29 0.000731802418880472
30 0.000497955421503273
31 0.000335462627902512
32 0.000223745793720621
33 0.000147748360232034
34 9.65934137221837e-05
35 6.25215037748202e-05
36 4.00652973929511e-05
37 2.54193465161993e-05
38 1.59667838978047e-05
39 9.92950430585105e-06
40 6.11356796637139e-06
41 3.72665317207867e-06
